SourceSpan,P-1,P-2,P-3,P-4,P-5,Actual
"(4,29)-(4,54)",8,2,1,44,47,8
